0 0.510938 0.289844 0.084375 0.079687
0 0.587500 0.214062 0.050000 0.053125
0 0.577344 0.420312 0.073438 0.100000
0 0.471875 0.560937 0.100000 0.053125
0 0.495312 0.514844 0.071875 0.029687
0 0.737500 0.621094 0.056250 0.114062
0 0.775000 0.782813 0.087500 0.150000
0 0.698438 0.417969 0.043750 0.070312
0 0.664844 0.286719 0.057813 0.079687
0 0.473438 0.378906 0.040625 0.029687
0 0.464062 0.413281 0.040625 0.020313
0 0.489844 0.346094 0.029687 0.023438
0 0.524219 0.164844 0.035937 0.023438