0 0.867188 0.752344 0.212500 0.048438
0 0.363281 0.844531 0.226562 0.060937
0 0.566406 0.889062 0.160938 0.053125
0 0.203906 0.958594 0.395313 0.082812
0 0.100000 0.884375 0.193750 0.090625
0 0.347656 0.752344 0.482812 0.067187
0 0.561719 0.801562 0.204687 0.043750
0 0.941406 0.626563 0.117188 0.043750
0 0.722656 0.607031 0.129688 0.032813
0 0.171875 0.655469 0.206250 0.032813
0 0.417187 0.673438 0.175000 0.040625
0 0.526563 0.703906 0.171875 0.032813
0 0.164844 0.599219 0.167187 0.026562
0 0.507031 0.621094 0.139063 0.032813