0 0.603906 0.770312 0.301563 0.087500
0 0.342969 0.958594 0.401562 0.082812
0 0.725000 0.941406 0.350000 0.117188
0 0.314063 0.838281 0.175000 0.085938
0 0.317188 0.745313 0.115625 0.028125
0 0.317188 0.773438 0.115625 0.037500
0 0.862500 0.827344 0.093750 0.029687
0 0.878906 0.866406 0.120313 0.039062
0 0.667969 0.685937 0.198437 0.040625
0 0.445312 0.707812 0.178125 0.031250
0 0.616406 0.650781 0.157812 0.029687
0 0.460938 0.623437 0.153125 0.025000
0 0.662500 0.626563 0.093750 0.028125